"Time","Coral","Macro","Turf"
0,0.44,0.45999999999999985,0.1000000000000002
1,0.32156655453266303,0.4495653276517257,0.22886811781561142
2,0.25039739631531904,0.5049976380987015,0.24460496558600048
3,0.1948654650834698,0.5610954072122174,0.24403912770431238
4,0.15138784151291537,0.5979583085808959,0.2506538499062706
5,0.11602554352790102,0.6470236143940324,0.23695084207806558
6,0.08884431954413892,0.678329141300712,0.2328265391551485
7,0.06585589889423846,0.7357423884372463,0.19840171266851522
8,0.04750124099059502,0.779583524097564,0.17291523491184124
9,0.03328861889730245,0.7965658857370105,0.17014549536568693
10,0.023073331223450847,0.8272918879852632,0.14963478079128573
11,0.015886070658905266,0.844235008927711,0.13987892041338323
12,0.01070286187172883,0.8625935446314115,0.1267035934968602
13,0.007264025020754678,0.8335635981354931,0.15917237684375216
14,0.004991295219799091,0.8469505712974721,0.14805813348272892
15,0.003454507607860477,0.8222645133087876,0.17428097908346346
16,0.002453641891539447,0.8237463696022452,0.17379998850621786
17,0.001684688328812901,0.8628905000369321,0.13542481163425518
18,0.0011416281600685667,0.8548532108327287,0.14400516100720478
19,0.0007760379111997068,0.8544142018410475,0.1448097602477743
20,0.000525749563228099,0.8552713249772682,0.14420292545950855
21,0.00035992507060425745,0.8644895517183997,0.13515052321099602
22,0.00024087501123806602,0.8815466932821481,0.11821243170661354
23,0.00015919850559378146,0.8811200662333444,0.1187207352610763
24,0.00010389243958659625,0.9026228293164995,0.09727327824391377
25,0.00006700443184401836,0.9148767444213607,0.08505625114678171
26,0.00004446819998846414,0.8782621249418665,0.12169340685813455
27,0.000029565552052044102,0.8795124871883311,0.12045794725961664
28,0.00001935268618177675,0.900081902083317,0.09989874523050063
29,0.000012687093847857917,0.8818826073545963,0.118104705551566
30,8.42950585436371e-6,0.8789033643178886,0.12108820617625704
31,5.905755507661524e-6,0.8386221930905128,0.16137190115397992
32,4.1712978979931695e-6,0.8376560481965242,0.16233978050557776
33,2.8999412667541744e-6,0.8385709252126816,0.16142617484605148
34,1.9831819804364627e-6,0.8700099269858771,0.12998808983213683
35,1.3104686657925634e-6,0.9008232555026576,0.09917543402867644
36,8.571549720327645e-7,0.8849121301055982,0.11508701273943282
37,5.603489126610491e-7,0.900377400507259,0.09962203914382829
38,3.7648080064240486e-7,0.8569146951651926,0.14308492835402195
39,2.6097000266593576e-7,0.850767515753285,0.1492322232767124
40,1.7756718076804097e-7,0.8552125959056042,0.1447872265272124
41,1.2098216972600324e-7,0.8691476738076507,0.13085220521018137
42,8.13502923558795e-8,0.8868745505891914,0.11312536806052036
43,5.359812326689402e-8,0.8868769131950529,0.11312303320682443
44,3.57419626432404e-8,0.8574552915430458,0.1425446727149917
45,2.45851256339548e-8,0.8484544414128745,0.15154553400199977
46,1.6783863682105404e-8,0.8640997155390439,0.13590026767709315
47,1.1270670862861546e-8,0.8773584424669416,0.12264154626238877
48,7.553335161753323e-9,0.8574659400221482,0.14253405242444592
49,5.199057437169331e-9,0.8588751402430551,0.14112485455788787
50,3.5118377694664883e-9,0.8599032165196688,0.14009677996844916
51,2.3616171910224395e-9,0.880108139409468,0.11989185822891374
52,1.572209682447033e-9,0.8799137146275604,0.12008628380022979
53,1.0649539732686137e-9,0.8748441654708505,0.125155833464195
54,7.326989858508123e-10,0.8203946820752794,0.17960531719148537
55,5.037050647581934e-10,0.8669978152828017,0.13300218421349408
56,3.3608713046245694e-10,0.8707964787515609,0.1292035209123486
57,2.2445582188947784e-10,0.8673086461362802,0.132691353639264
58,1.5247591543808333e-10,0.8563878773852461,0.14361212246227878
59,1.0202796686070545e-10,0.882592181055672,0.1174078188423007
60,6.687364304975286e-11,0.9012704929377332,0.0987295069953902
61,4.4890611735951066e-11,0.8607285192482514,0.1392714807068579
62,2.9962582895615226e-11,0.8825269001487284,0.1174730998213092
63,1.9773634823642416e-11,0.8856176014711533,0.1143823985090729
64,1.284250576695789e-11,0.9141944070326018,0.08580559295455796
65,8.346769405687292e-12,0.8829290672615648,0.11707093273016081
66,5.6432137371520626e-12,0.8585845813496751,0.14141541864468157
67,3.83119259497947e-12,0.8626743418133319,0.13732565818283676
68,2.588219920277405e-12,0.8700510000631514,0.12994899993425904
69,1.7265740668545628e-12,0.8792455739798636,0.12075442601841
70,1.2109374757314858e-12,0.8234378750707056,0.17656212492808884
71,8.389472841006024e-13,0.8537338223172116,0.14626617768194752
72,5.69352763815997e-13,0.86993793590521,0.1300620640942202
73,3.8496718888606977e-13,0.8573160116606187,0.14268398833899348
74,2.631704136234058e-13,0.8498367857646271,0.1501632142351104
75,1.7971777096910447e-13,0.863862223223446,0.1361377767763739
76,1.2084779746332666e-13,0.8658345440549466,0.13416545594494333
77,8.318589223423426e-14,0.8358348072651262,0.16416519273479377
78,5.675167565594023e-14,0.8681354318979781,0.13186456810196331
79,3.85867886161247e-14,0.8418231064086216,0.15817689359135442
80,2.6322476670132878e-14,0.8688103129207662,0.13118968707920947
81,1.757390497509532e-14,0.8859704858815539,0.11402951411842428
82,1.1572847728771766e-14,0.9009317724404425,0.09906822755954471
83,7.490679145686093e-15,0.9059482839061191,0.0940517160938739
84,4.829659875568074e-15,0.9086914638614535,0.09130853613854163
85,3.16820164051762e-15,0.8924701661061016,0.10752983389389403
86,2.0989497475066205e-15,0.8893733557824914,0.11062664421750736
87,1.35488351344766e-15,0.9125387982936519,0.08746120170634714
88,8.718468585896916e-16,0.908489492881592,0.0915105071184065
89,5.7171059461143e-16,0.8891019270686398,0.11089807293135973
90,3.7311705314334765e-16,0.901661803746453,0.09833819625354688
91,2.4513512565865755e-16,0.8887500968780409,0.11124990312195877
92,1.622912981895047e-16,0.8793939103116934,0.12060608968830683
93,1.0634407880688731e-16,0.8993011139020164,0.1006988860979838
94,7.083273841210046e-17,0.8705384182712028,0.12946158172879735
95,4.9352803848843603e-17,0.8359530573763698,0.1640469426236428
96,3.432422669869596e-17,0.8373868144325396,0.1626131855674604
97,2.341566412585788e-17,0.8811737148549852,0.11882628514501213
98,1.5493790973687516e-17,0.8889792081270133,0.11102079187298762
99,1.0346439965206303e-17,0.8668113991421252,0.13318860085787257
100,7.001627322152106e-18,0.8800040816665948,0.11999591833340521
