"Time","Coral","Macro","Turf"
0,0.25,0.6499999999999998,0.1000000000000002
1,0.19446707618732645,0.49749218772592924,0.3080407360867704
2,0.167273815701481,0.4689848616353403,0.3637413226631781
3,0.15885691137199945,0.26960199035188986,0.5715410982761105
4,0.1740905936715059,0.2718311626961661,0.5540782436323279
5,0.19522309511150038,0.2181698301835124,0.5866070747049877
6,0.22409571291098668,0.17135189439759996,0.6045523926914121
7,0.25963299613430746,0.1475705668220258,0.5927964370436662
8,0.29664408668923886,0.13223806424819481,0.5711178490625666
9,0.3313686230511316,0.11495245621764238,0.5536789207312258
10,0.3631985669741389,0.0871094621386227,0.5496919708872949
11,0.4040428571254934,0.053399309281539485,0.5425578335929673
12,0.4414777537946054,0.03877682046781195,0.5197454257375828
13,0.4723854270299066,0.024890672634034914,0.502723900336075
14,0.49684721784231983,0.01605714133184177,0.48709564082583934
15,0.5160520992454979,0.010482396592472415,0.4734655041620305
16,0.5308158842090385,0.004752734390668893,0.4644313814002899
17,0.5418346696845686,0.001480982138395477,0.4566843481770358
18,0.548982545976413,0.0007235969042901115,0.45029385711929687
19,0.5533518438608869,0.0005467740931658957,0.4461013820459471
20,0.5559971017964458,0.0002547357733582919,0.4437481624301963
21,0.5576389762443097,0.0000739496964267493,0.44228707405926393
22,0.5586287531846591,0.00003302288827299291,0.4413382239270686
23,0.5592045652676974,0.000019960844840626604,0.4407754738874619
24,0.5595381916604604,0.0000106567960749123,0.4404511515434648
25,0.5597330459799659,4.902283936708189e-6,0.4402620517360975
26,0.5598458528603646,2.361979286223123e-6,0.4401517851603491
27,0.559910956305123,1.6409040929863521e-6,0.4400874027907839
28,0.5599486274933201,4.15443550793592e-7,0.4400509570631292
29,0.5599704882604731,2.1653440723870486e-7,0.4400292952051195
30,0.5599830390281431,1.262062416483867e-7,0.4400168347656154
31,0.5599902663574663,2.745512913020573e-8,0.4400097061874046
32,0.559994387022765,1.5670464438526827e-8,0.4400055973067706
33,0.5599967657544233,6.941194953307553e-9,0.44000322730438185
34,0.5599981282954974,2.7156774375805906e-9,0.4400018689888252
35,0.5599989109808587,1.634888501011866e-9,0.4400010873842526
36,0.5599993663623895,7.707726702264709e-10,0.44000063286683805
37,0.5599996296345693,3.88686184013705e-10,0.4400003699767446
38,0.5599997824993079,2.4275362195882233e-10,0.4400002172579383
39,0.5599998722755414,1.4068102552809812e-10,0.44000012758377766
40,0.5599999250025286,5.723920430092261e-11,0.4400000749402322
41,0.5599999559676497,3.5293927405295217e-11,0.44000004399705633
42,0.5599999741477437,1.5499221368135724e-11,0.44000002583675707
43,0.5599999848228133,8.247881829726321e-12,0.4400000151689388
44,0.5599999910897855,5.986416212235096e-12,0.440000008904228
45,0.5599999947687136,4.1385096200646266e-12,0.4400000052271478
46,0.5599999969285712,2.13773052502225e-12,0.44000000306929116
47,0.5599999981968484,9.333999122689296e-13,0.4400000018022181
48,0.5599999989414374,5.628827849516988e-13,0.44000000105799975
49,0.5599999993785887,2.237624801549717e-13,0.44000000062118755
50,0.5599999996352604,7.741871270992891e-14,0.44000000036466225
51,0.559999999785914,5.619594851033933e-14,0.44000000021402974
52,0.559999999874344,1.8890389476416317e-14,0.44000000012563706
53,0.5599999999262478,1.498197120207656e-14,0.4400000000737372
54,0.5599999999567122,7.743001076410996e-15,0.44000000004328
55,0.5599999999745928,4.142301126541233e-15,0.440000000025403
56,0.5599999999850881,1.515770485275368e-15,0.44000000001491046
57,0.5599999999912479,7.723188031918651e-16,0.44000000000875117
58,0.5599999999948633,3.441640480908684e-16,0.4400000000051363
59,0.5599999999969851,2.1878724527576024e-16,0.4400000000030147
60,0.5599999999982306,8.58912954942588e-17,0.4400000000017695
61,0.5599999999989614,3.5967046804577904e-17,0.44000000000103856
62,0.5599999999993904,1.2312731303797839e-17,0.4400000000006096
63,0.5599999999996422,5.251411345088592e-18,0.4400000000003578
64,0.55999999999979,2.6091039768621463e-18,0.44000000000021017
65,0.5599999999998766,1.3634801347491288e-18,0.4400000000001234
66,0.5599999999999276,7.062088123194171e-19,0.44000000000007244
67,0.5599999999999575,3.178898715812629e-19,0.44000000000004263
68,0.5599999999999752,1.435991975100249e-19,0.440000000000025
69,0.5599999999999855,8.225549141330811e-20,0.44000000000001455
70,0.5599999999999914,4.1651938014636194e-20,0.44000000000000855
71,0.559999999999995,2.2863515344657877e-20,0.44000000000000516
72,0.559999999999997,8.85219322283606e-21,0.44000000000000317
73,0.5599999999999982,4.64678820342768e-21,0.4400000000000019
74,0.5599999999999989,1.4732387967522923e-21,0.4400000000000012
75,0.5599999999999994,9.38158529474626e-22,0.4400000000000006
76,0.5599999999999995,2.7215241444270434e-22,0.44000000000000045
77,0.5599999999999997,1.61869474518787e-22,0.44000000000000034
78,0.5599999999999997,9.454171018452933e-23,0.44000000000000034
79,0.5599999999999997,4.1269232642597584e-23,0.44000000000000034
80,0.5599999999999997,1.2527256158581053e-23,0.44000000000000034
81,0.5599999999999997,9.036691873783852e-24,0.44000000000000034
82,0.5599999999999997,4.264901944278233e-24,0.44000000000000034
83,0.5599999999999997,1.7734514682495308e-24,0.44000000000000034
84,0.5599999999999997,7.899541202111766e-25,0.44000000000000034
85,0.5599999999999997,3.8470143523384326e-25,0.44000000000000034
86,0.5599999999999997,2.1642572702060665e-25,0.44000000000000034
87,0.5599999999999997,1.3306933132084317e-25,0.44000000000000034
88,0.5599999999999997,4.3611336140940514e-26,0.44000000000000034
89,0.5599999999999997,2.3840490743324044e-26,0.44000000000000034
90,0.5599999999999997,9.280067338874982e-27,0.44000000000000034
91,0.5599999999999997,2.9239375690920975e-27,0.44000000000000034
92,0.5599999999999997,1.0566519926936083e-27,0.44000000000000034
93,0.5599999999999997,4.769691433466812e-28,0.44000000000000034
94,0.5599999999999997,2.67742219884605e-28,0.44000000000000034
95,0.5599999999999997,1.5216817239978117e-28,0.44000000000000034
96,0.5599999999999997,6.908052242826509e-29,0.44000000000000034
97,0.5599999999999997,1.3628326717194797e-27,0.44000000000000034
98,0.5599999999999997,6.607043204348643e-28,0.44000000000000034
99,0.5599999999999997,4.316077224399016e-27,0.44000000000000034
100,0.5599999999999997,1.7181585748159852e-27,0.4400000000000003
